A: (9.98367, -0.571093)
B: (9.99979519, 29.364)

New coordinates
A: (9.98367, 0)
B: (9.99979519, 29,935093)
C: (0, 30,571093)
D: (0, 0.571093)